lr: 0.0016122378636394955
beta_1: 0.8645823617461754
beta_2: 0.9999529451468949
weight_decay: 0.0019414937179368932
multi_step_lr_gamma: 0.1
