lr: 0.006651718336327752
beta_1: 0.8903129562149071
beta_2: 0.9993867068533816
weight_decay: 0.0004466189480608125
multi_step_lr_gamma: 0.1
