lr: 0.001128815397451714
beta_1: 0.8511573305016629
beta_2: 0.9989395313299604
weight_decay: 0.0010896508199628118
multi_step_lr_gamma: 0.1
