lr: 0.0010124381281468571
beta_1: 0.9452561249176903
beta_2: 0.9903417453021011
weight_decay: 0.0
multi_step_lr_gamma: 0.1
