lr: 0.0451147209563554
beta_1: 0.9078947277729217
beta_2: 0.9999988329626311
weight_decay: 0.0000016446860037361782
multi_step_lr_gamma: 0.1
