lr: 0.001245107913473811
beta_1: 0.8586426410012914
beta_2: 0.9988019396111851
weight_decay: 0.0018037506582507632
multi_step_lr_gamma: 0.1
