lr: 0.0010042022959335032
beta_1: 0.9222472693342788
beta_2: 0.9999446218805058
weight_decay: 0.00014236954411167154
multi_step_lr_gamma: 0.1
