lr: 0.01874380569980047
beta_1: 0.8627483006856222
beta_2: 0.999998647239106
weight_decay: 0.000039621663585780745
multi_step_lr_gamma: 0.1
