lr: 0.05647954851010358
momentum: 0.8664874765380984
weight_decay: 0.0016973382637335273
multi_step_lr_gamma: 0.1
