lr: 0.06799373956698931
momentum: 0.8673695434076598
weight_decay: 0.0017998911061911822
multi_step_lr_gamma: 0.1
