lr: 0.01783363359054504
momentum: 0.9467621764163304
weight_decay: 0.0001632297890687358
multi_step_lr_gamma: 0.1
