lr: 0.13703143914683882
momentum: 0.8540867186466918
weight_decay: 0.0019628778027380735
multi_step_lr_gamma: 0.1
