lr: 0.07104941466307176
momentum: 0.8657299202128064
weight_decay: 0.0002247076258274683
multi_step_lr_gamma: 0.1
