eta_tol: 0.5
kl_bound: 0.0027874950489428373
var_init: 0.01
reg_weight: 0.29678595692807475
prior_prec: 0.0015
start_filter_cov: 0.00005
measurement_noise: 1.2197500060716369
dynamic_model_noise: 0.0024552552650014426
nu: 1.3
multi_step_lr_gamma: 0.006
weight_decay: 0.0
