eta_tol: 0.5
kl_bound: 0.08567456308209788
var_init: 0.01
reg_weight: 0.05865661620286048
prior_prec: 0.0015
start_filter_cov: 0.00005
measurement_noise: 2.8167911612651997
dynamic_model_noise: 0.017392958232048346
nu: 1.3
multi_step_lr_gamma: 0.006
weight_decay: 0.0000015403963328610538
